{
    "P0": [
        [
            -0.5877852495874971,
            -0.8090169963402276,
            1.1577396919951758e-16,
            -5.168747211971464e-34
        ],
        [
            0.8090169963402274,
            -0.5877852495874971,
            8.41147116680049e-17,
            1.1774100573825822e-34
        ],
        [
            9.971904376127121e-33,
            1.4310449560793835e-16,
            1.0,
            -0.0581859615892233
        ],
        [
            0.0,
            0.0,
            0.0,
            1.0
        ]
    ],
    "P1": [
        [
            1.6961132074710486e-09,
            0.8506508070698598,
            0.5257311141937451,
            -9.817739130898015e-19
        ],
        [
            -0.5257311118592453,
            0.44721359810769545,
            -0.7236067963271284,
            -2.5831995134317733e-18
        ],
        [
            -0.8506508085126597,
            -0.27639320197675826,
            0.4472135953633267,
            -0.05818596158922331
        ],
        [
            0.0,
            0.0,
            0.0,
            1.0
        ]
    ],
    "P2": [
        [
            -0.2628655534991513,
            -0.638196599987564,
            0.7236067996832933,
            5.3329094685997125e-18
        ],
        [
            0.8090169953757624,
            0.26286555806888184,
            0.5257311095743801,
            -4.559409639671069e-18
        ],
        [
            -0.5257311118592453,
            0.7236067980232417,
            0.44721359536332644,
            -0.0581859615892233
        ],
        [
            0.0,
            0.0,
            0.0,
            1.0
        ]
    ],
    "P3": [
        [
            0.8090169924786351,
            0.2628655575480562,
            0.5257311142930133,
            3.360279350095443e-19
        ],
        [
            0.587785254902523,
            -0.3618033984690813,
            -0.7236067958327916,
            -4.625027713825711e-19
        ],
        [
            4.053813980851999e-17,
            0.8944271907266532,
            -0.4472135960464835,
            -0.05818596158922331
        ],
        [
            0.0,
            0.0,
            0.0,
            1.0
        ]
    ],
    "P4": [
        [
            0.5000000002769593,
            0.6881909579910764,
            -0.5257311147938315,
            4.247953063223929e-18
        ],
        [
            -0.16245984642304367,
            0.670820395665158,
            0.7236067958911397,
            -2.321068183711794e-18
        ],
        [
            0.8506508085126597,
            -0.27639320197675815,
            0.4472135953633266,
            -0.058185961589223296
        ],
        [
            0.0,
            0.0,
            0.0,
            1.0
        ]
    ],
    "P5": [
        [
            -0.8090169936488059,
            0.2628655538761004,
            0.5257311143282837,
            1.1782309411892953e-18
        ],
        [
            -0.2628655588141771,
            0.6381966017145206,
            -0.7236067962293802,
            7.919355381394389e-18
        ],
        [
            -0.5257311118592454,
            -0.7236067980232417,
            -0.4472135953633266,
            -0.0581859615892233
        ],
        [
            0.0,
            0.0,
            0.0,
            1.0
        ]
    ],
    "P6": [
        [
            -0.5877852495874969,
            -0.36180340019603796,
            -0.7236067992867047,
            -6.379674783619807e-18
        ],
        [
            0.8090169963402274,
            -0.2628655551711043,
            -0.5257311095391094,
            -2.5340575488555073e-18
        ],
        [
            -0.0,
            -0.8944271907266532,
            0.4472135960464836,
            -0.05818596158922331
        ],
        [
            0.0,
            0.0,
            0.0,
            1.0
        ]
    ],
    "P7": [
        [
            1.7577998368819331e-09,
            0.8506508100079337,
            0.5257311094398412,
            2.826796412008487e-20
        ],
        [
            0.5257311118592454,
            0.4472135925191466,
            -0.7236067997810415,
            6.438907340090393e-19
        ],
        [
            -0.8506508085126596,
            0.2763932019767582,
            -0.44721359536332667,
            -0.0581859615892233
        ],
        [
            0.0,
            0.0,
            0.0,
            1.0
        ]
    ],
    "P8": [
        [
            -0.688190962037298,
            0.052786406843253704,
            0.7236067958655145,
            -4.597094904932118e-18
        ],
        [
            0.49999999779341975,
            -0.6881909597685296,
            0.5257311148291018,
            9.10806882851121e-18
        ],
        [
            0.5257311118592454,
            0.7236067980232417,
            0.4472135953633265,
            -0.0581859615892233
        ],
        [
            0.0,
            0.0,
            0.0,
            1.0
        ]
    ],
    "P9": [
        [
            -0.9510565172921038,
            0.3090169913066497,
            -4.4221720675220764e-17,
            -1.078327176511682e-34
        ],
        [
            0.30901699130664967,
            0.9510565172921039,
            -1.36100463201729e-16,
            -3.3187498352701724e-34
        ],
        [
            3.0296939042204134e-33,
            -1.4310449560793832e-16,
            -1.0,
            -0.0581859615892233
        ],
        [
            0.0,
            0.0,
            0.0,
            1.0
        ]
    ],
    "P10": [
        [
            0.4999999992096414,
            -0.6881909623981878,
            0.5257311100399277,
            3.6344469623950244e-18
        ],
        [
            -0.16245984970791055,
            -0.6708203911439267,
            -0.7236067993450535,
            -1.3346840902571444e-18
        ],
        [
            0.8506508085126597,
            0.2763932019767582,
            -0.4472135953633266,
            -0.058185961589223296
        ],
        [
            0.0,
            0.0,
            0.0,
            1.0
        ]
    ],
    "P11": [
        [
            -0.5000000023146507,
            -0.6881909601153222,
            0.5257311100751982,
            -7.027307189470484e-19
        ],
        [
            -0.6881909587524315,
            -0.052786402322022745,
            -0.7236067993194277,
            7.787750136539889e-18
        ],
        [
            0.5257311118592454,
            -0.7236067980232417,
            -0.44721359536332655,
            -0.0581859615892233
        ],
        [
            0.0,
            0.0,
            0.0,
            1.0
        ]
    ],
    "H0": [
        [
            -0.11026408576719134,
            0.9464199730312371,
            -0.30353099683142376,
            -1.3680260734899807e-18
        ],
        [
            -0.8090169949120921,
            -0.2628655516097599,
            -0.5257311135174563,
            -1.3631682811982356e-18
        ],
        [
            -0.5773502691896257,
            0.18759247432786041,
            0.7946544722344533,
            -0.056682099149599374
        ],
        [
            0.0,
            0.0,
            0.0,
            1.0
        ]
    ],
    "H1": [
        [
            -0.8090169949120921,
            0.5877852515531569,
            -4.964533878175052e-09,
            -7.675493540721804e-18
        ],
        [
            -0.1102640857671915,
            -0.1517655027151244,
            -0.9822469463304789,
            2.556464510481741e-18
        ],
        [
            -0.5773502691896257,
            -0.7946544722344535,
            0.18759247432786044,
            -0.05668209914959938
        ],
        [
            0.0,
            0.0,
            0.0,
            1.0
        ]
    ],
    "H2": [
        [
            0.46708618330007134,
            0.8304814456885381,
            0.30353099633686204,
            -3.8934233834894965e-18
        ],
        [
            -0.8090169921451629,
            0.2628655601254927,
            0.5257311135174562,
            6.4675095624893235e-18
        ],
        [
            0.3568220898298838,
            -0.49112347293423775,
            0.7946544724233593,
            -0.05668209915730496
        ],
        [
            0.0,
            0.0,
            0.0,
            1.0
        ]
    ],
    "H3": [
        [
            -4.421995007960743e-09,
            0.8506508094006467,
            0.5257311104224519,
            -1.910128682959207e-18
        ],
        [
            -0.9341723589410222,
            0.18759246999556667,
            -0.3035310016975665,
            4.878775453173806e-19
        ],
        [
            -0.3568220898298838,
            -0.49112347293423764,
            0.7946544724233593,
            -0.05668209915730496
        ],
        [
            0.0,
            0.0,
            0.0,
            1.0
        ]
    ],
    "H4": [
        [
            -4.670861701382459e-09,
            -0.18759247372527002,
            0.9822469464455637,
            -6.855260397856766e-19
        ],
        [
            1.0,
            -8.76218500990959e-10,
            4.587939643452451e-09,
            6.495407981687681e-28
        ],
        [
            0.0,
            0.9822469464455635,
            0.18759247372527,
            -0.05668209915730497
        ],
        [
            0.0,
            0.0,
            0.0,
            1.0
        ]
    ],
    "H5": [
        [
            -0.5000000041731277,
            -0.6881909555439315,
            0.52573111429171,
            2.5872746722893424e-18
        ],
        [
            0.6454972211354121,
            -0.7008582397911018,
            -0.303530995490377,
            -1.2044401615720534e-18
        ],
        [
            0.5773502691896257,
            0.18759247432786044,
            0.7946544722344534,
            -0.056682099149599374
        ],
        [
            0.0,
            0.0,
            0.0,
            1.0
        ]
    ],
    "H6": [
        [
            -0.8660254014490077,
            -0.3973272392860474,
            0.3035310016561948,
            -1.0747837825864789e-19
        ],
        [
            0.500000004045085,
            -0.6881909582510686,
            0.5257311108697971,
            -1.8615800985101776e-19
        ],
        [
            5.589150663529829e-18,
            0.6070619984011549,
            0.7946544721432051,
            -0.05668209915730497
        ],
        [
            0.0,
            0.0,
            0.0,
            1.0
        ]
    ],
    "H7": [
        [
            -0.3090169952574655,
            0.9510565160084059,
            4.287498444544098e-09,
            -6.358191477232578e-19
        ],
        [
            0.17841104347156633,
            0.057969266660518375,
            -0.9822469463888541,
            1.4031374160272836e-18
        ],
        [
            -0.9341723589410222,
            -0.30353099920896753,
            -0.1875924740222043,
            -0.05668209915730496
        ],
        [
            0.0,
            0.0,
            0.0,
            1.0
        ]
    ],
    "H8": [
        [
            0.309016993590799,
            0.9510565165499387,
            -4.888380719219286e-09,
            -9.178277772068793e-19
        ],
        [
            -0.1784110463583176,
            0.0579692577760114,
            -0.9822469463888541,
            5.6908841629571265e-19
        ],
        [
            -0.9341723589410225,
            0.3035309992089676,
            0.1875924740222043,
            -0.05668209915730497
        ],
        [
            0.0,
            0.0,
            0.0,
            1.0
        ]
    ],
    "H9": [
        [
            0.8090169949120923,
            0.5877852515531569,
            -4.964534197094665e-09,
            -1.2260171186926287e-18
        ],
        [
            0.11026408576719127,
            -0.15176550271512454,
            -0.9822469463304789,
            -1.7509529018461043e-19
        ],
        [
            -0.5773502691896257,
            0.7946544722344535,
            -0.18759247432786036,
            -0.05668209914959938
        ],
        [
            0.0,
            0.0,
            0.0,
            1.0
        ]
    ],
    "H10": [
        [
            0.9341723589410225,
            0.1875924680089304,
            -0.30353100292537527,
            -2.055473874853858e-19
        ],
        [
            -6.603690106410851e-09,
            -0.8506508098387562,
            -0.5257311097135763,
            9.942513186018233e-19
        ],
        [
            -0.35682208982988395,
            0.49112347293423764,
            -0.7946544724233593,
            -0.05668209915730496
        ],
        [
            0.0,
            0.0,
            0.0,
            1.0
        ]
    ],
    "H11": [
        [
            0.8090169949120922,
            -0.26286555160975983,
            -0.5257311135174564,
            -1.0739584125831847e-18
        ],
        [
            -0.11026408576719134,
            -0.946419973031237,
            0.30353099683142387,
            1.2907629766389336e-18
        ],
        [
            -0.5773502691896257,
            -0.18759247432786047,
            -0.7946544722344535,
            -0.05668209914959938
        ],
        [
            0.0,
            0.0,
            0.0,
            1.0
        ]
    ],
    "H12": [
        [
            0.5000000040450852,
            0.6881909582510684,
            -0.525731110869797,
            3.7747538564919745e-19
        ],
        [
            0.8660254014490076,
            -0.3973272392860475,
            0.30353100165619484,
            1.083720045576969e-18
        ],
        [
            -3.82022723594593e-17,
            -0.6070619984011549,
            -0.7946544721432051,
            -0.05668209915730497
        ],
        [
            0.0,
            0.0,
            0.0,
            1.0
        ]
    ],
    "H13": [
        [
            4.67086182384714e-09,
            -0.18759247372527002,
            0.9822469464455637,
            6.855260397856766e-19
        ],
        [
            -1.0,
            -8.762185239644113e-10,
            4.587939763743009e-09,
            2.6693729450676363e-27
        ],
        [
            -2.0312390770979555e-25,
            -0.9822469464455635,
            -0.18759247372527,
            -0.05668209915730497
        ],
        [
            0.0,
            0.0,
            0.0,
            1.0
        ]
    ],
    "H14": [
        [
            0.8090169936620922,
            0.5877852532736342,
            6.170629445909113e-09,
            -3.932609890064628e-18
        ],
        [
            -0.1102640949385474,
            0.1517654960517443,
            0.9822469463304792,
            -1.6918596618474314e-18
        ],
        [
            0.5773502691896257,
            -0.7946544722344534,
            0.18759247432786036,
            -0.056682099149599374
        ],
        [
            0.0,
            0.0,
            0.0,
            1.0
        ]
    ],
    "H15": [
        [
            0.3090169935907991,
            -0.9510565165499388,
            4.888380389562182e-09,
            8.777459721165454e-19
        ],
        [
            0.1784110463583175,
            0.05796925777601173,
            -0.9822469463888541,
            -8.850257915121104e-20
        ],
        [
            0.9341723589410225,
            0.30353099920896764,
            0.1875924740222043,
            -0.05668209915730497
        ],
        [
            0.0,
            0.0,
            0.0,
            1.0
        ]
    ],
    "H16": [
        [
            0.8090169910543153,
            0.2628655620650247,
            0.5257311142263319,
            9.231845561122816e-19
        ],
        [
            0.4670861851894745,
            -0.8304814450746336,
            -0.30353099510905335,
            -1.1879077458511836e-18
        ],
        [
            0.35682208982988384,
            0.49112347293423747,
            -0.7946544724233593,
            -0.05668209915730496
        ],
        [
            0.0,
            0.0,
            0.0,
            1.0
        ]
    ],
    "H17": [
        [
            -0.8090169936620921,
            0.5877852532736342,
            6.170629562331931e-09,
            4.44548855764631e-18
        ],
        [
            0.11026409493854755,
            0.15176549605174422,
            0.9822469463304792,
            -4.030125654037802e-19
        ],
        [
            0.5773502691896258,
            0.7946544722344533,
            -0.18759247432786044,
            -0.056682099149599374
        ],
        [
            0.0,
            0.0,
            0.0,
            1.0
        ]
    ],
    "H18": [
        [
            0.6454972211354122,
            0.7008582397911017,
            0.30353099549037715,
            3.0546378794863695e-18
        ],
        [
            0.5000000041731275,
            -0.6881909555439315,
            0.5257311142917099,
            5.533114657205889e-18
        ],
        [
            0.5773502691896258,
            -0.18759247432786041,
            -0.7946544722344533,
            -0.05668209914959939
        ],
        [
            0.0,
            0.0,
            0.0,
            1.0
        ]
    ],
    "H19": [
        [
            0.3090169952574655,
            0.9510565160084059,
            4.287498444544098e-09,
            -6.358191477232578e-19
        ],
        [
            0.17841104347156633,
            -0.057969266660518375,
            0.9822469463888541,
            -1.4031374160272836e-18
        ],
        [
            0.9341723589410222,
            -0.30353099920896753,
            -0.1875924740222043,
            -0.05668209915730496
        ],
        [
            0.0,
            0.0,
            0.0,
            1.0
        ]
    ]
}