{
    "P0": [
        [
            -0.5877852495874971,
            -0.8090169963402276,
            1.1577396919951758e-16,
            -0.0
        ],
        [
            0.8090169963402274,
            -0.5877852495874971,
            8.41147116680049e-17,
            0.0
        ],
        [
            9.971904376127121e-33,
            1.4310449560793835e-16,
            1.0,
            -0.0581859615892233
        ],
        [
            0.0,
            0.0,
            0.0,
            1.0
        ]
    ],
    "P1": [
        [
            1.6961132460264029e-09,
            0.8506508070698598,
            0.5257311141937451,
            -4.07857951008643e-18
        ],
        [
            -0.5257311118592453,
            0.44721359810769545,
            -0.7236067963271284,
            -0.0
        ],
        [
            -0.8506508085126597,
            -0.27639320197675826,
            0.4472135953633267,
            -0.05818596158922331
        ],
        [
            0.0,
            0.0,
            0.0,
            1.0
        ]
    ],
    "P2": [
        [
            -0.26286555349915136,
            -0.6381965999875641,
            0.7236067996832934,
            2.5207007460997338e-18
        ],
        [
            0.8090169953757624,
            0.26286555806888184,
            0.5257311095743801,
            -3.469446959912994e-18
        ],
        [
            -0.5257311118592453,
            0.7236067980232417,
            0.4472135953633265,
            -0.0581859615892233
        ],
        [
            0.0,
            0.0,
            0.0,
            1.0
        ]
    ],
    "P3": [
        [
            0.8090169924786351,
            0.2628655575480562,
            0.5257311142930133,
            0.0
        ],
        [
            0.587785254902523,
            -0.3618033984690813,
            -0.7236067958327916,
            -0.0
        ],
        [
            4.9650683049776335e-17,
            0.8944271907266532,
            -0.4472135960464835,
            -0.05818596158922331
        ],
        [
            0.0,
            0.0,
            0.0,
            1.0
        ]
    ],
    "P4": [
        [
            0.5000000002769595,
            0.6881909579910767,
            -0.5257311147938316,
            -5.0414015349480966e-18
        ],
        [
            -0.16245984642304367,
            0.6708203956651579,
            0.7236067958911397,
            0.0
        ],
        [
            0.8506508085126597,
            -0.2763932019767582,
            0.4472135953633266,
            -0.05818596158922331
        ],
        [
            0.0,
            0.0,
            0.0,
            1.0
        ]
    ],
    "P5": [
        [
            -0.8090169936488057,
            0.26286555387610033,
            0.5257311143282837,
            1.7677714960774924e-18
        ],
        [
            -0.26286555881417717,
            0.6381966017145206,
            -0.7236067962293803,
            7.757919219004829e-18
        ],
        [
            -0.5257311118592453,
            -0.7236067980232417,
            -0.4472135953633265,
            -0.0581859615892233
        ],
        [
            0.0,
            0.0,
            0.0,
            1.0
        ]
    ],
    "P6": [
        [
            -0.587785249587497,
            -0.3618034001960381,
            -0.7236067992867048,
            -7.55002576792085e-18
        ],
        [
            0.8090169963402274,
            -0.2628655551711043,
            -0.5257311095391094,
            -2.80684155203127e-18
        ],
        [
            -0.0,
            -0.8944271907266532,
            0.4472135960464836,
            -0.05818596158922331
        ],
        [
            0.0,
            0.0,
            0.0,
            1.0
        ]
    ],
    "P7": [
        [
            1.7577998299556434e-09,
            0.8506508100079337,
            0.5257311094398412,
            0.0
        ],
        [
            0.5257311118592454,
            0.4472135925191466,
            -0.7236067997810415,
            -0.0
        ],
        [
            -0.8506508085126596,
            0.2763932019767582,
            -0.44721359536332667,
            -0.0581859615892233
        ],
        [
            0.0,
            0.0,
            0.0,
            1.0
        ]
    ],
    "P8": [
        [
            -0.688190962037298,
            0.05278640684325373,
            0.7236067958655148,
            -5.041401542588651e-18
        ],
        [
            0.49999999779341975,
            -0.6881909597685296,
            0.5257311148291018,
            6.938893883216103e-18
        ],
        [
            0.5257311118592454,
            0.7236067980232417,
            0.44721359536332644,
            -0.0581859615892233
        ],
        [
            0.0,
            0.0,
            0.0,
            1.0
        ]
    ],
    "P9": [
        [
            -0.9510565172921038,
            0.3090169913066497,
            -4.4221720675220764e-17,
            -0.0
        ],
        [
            0.30901699130664967,
            0.9510565172921039,
            -1.36100463201729e-16,
            0.0
        ],
        [
            -0.0,
            -1.4310449560793832e-16,
            -1.0,
            -0.0581859615892233
        ],
        [
            0.0,
            0.0,
            0.0,
            1.0
        ]
    ],
    "P10": [
        [
            0.4999999992096414,
            -0.6881909623981878,
            0.5257311100399277,
            1.3679971488136138e-18
        ],
        [
            -0.16245984970791055,
            -0.6708203911439267,
            -0.7236067993450535,
            -1.4034207767515945e-18
        ],
        [
            0.8506508085126597,
            0.2763932019767582,
            -0.4472135953633266,
            -0.058185961589223296
        ],
        [
            0.0,
            0.0,
            0.0,
            1.0
        ]
    ],
    "P11": [
        [
            -0.5000000023146507,
            -0.6881909601153221,
            0.5257311100751982,
            -6.967045263616481e-19
        ],
        [
            -0.6881909587524315,
            -0.052786402322022745,
            -0.7236067993194277,
            9.083130045282093e-18
        ],
        [
            0.5257311118592454,
            -0.7236067980232417,
            -0.44721359536332655,
            -0.0581859615892233
        ],
        [
            0.0,
            0.0,
            0.0,
            1.0
        ]
    ],
    "H0": [
        [
            -0.11026408576719132,
            0.9464199730312371,
            -0.30353099683142376,
            -1.8329320232124385e-18
        ],
        [
            -0.809016994912092,
            -0.2628655516097599,
            -0.5257311135174563,
            -0.0
        ],
        [
            -0.5773502691896257,
            0.18759247432786041,
            0.7946544722344533,
            -0.056682099149599374
        ],
        [
            0.0,
            0.0,
            0.0,
            1.0
        ]
    ],
    "H1": [
        [
            -0.8090169949120921,
            0.587785251553157,
            -4.964533889221849e-09,
            -0.0
        ],
        [
            -0.11026408576719152,
            -0.1517655027151244,
            -0.9822469463304789,
            -0.0
        ],
        [
            -0.5773502691896258,
            -0.7946544722344535,
            0.18759247432786047,
            -0.056682099149599395
        ],
        [
            0.0,
            0.0,
            0.0,
            1.0
        ]
    ],
    "H2": [
        [
            0.46708618330007123,
            0.8304814456885382,
            0.30353099633686204,
            1.8823008165212786e-18
        ],
        [
            -0.8090169921451629,
            0.2628655601254927,
            0.525731113517456,
            7.25173372928073e-18
        ],
        [
            0.35682208982988384,
            -0.49112347293423764,
            0.7946544724233593,
            -0.05668209915730496
        ],
        [
            0.0,
            0.0,
            0.0,
            1.0
        ]
    ],
    "H3": [
        [
            -4.4219949791176094e-09,
            0.8506508094006469,
            0.5257311104224519,
            4.897604805911233e-18
        ],
        [
            -0.9341723589410225,
            0.18759246999556667,
            -0.3035310016975666,
            -3.713925939222078e-18
        ],
        [
            -0.3568220898298839,
            -0.49112347293423764,
            0.7946544724233593,
            -0.05668209915730496
        ],
        [
            0.0,
            0.0,
            0.0,
            1.0
        ]
    ],
    "H4": [
        [
            -4.670861701382459e-09,
            -0.18759247372527002,
            0.9822469464455637,
            0.0
        ],
        [
            1.0,
            -8.76218500990959e-10,
            4.587939643452451e-09,
            0.0
        ],
        [
            0.0,
            0.9822469464455635,
            0.18759247372527,
            -0.05668209915730497
        ],
        [
            0.0,
            0.0,
            0.0,
            1.0
        ]
    ],
    "H5": [
        [
            -0.5000000041731277,
            -0.6881909555439313,
            0.52573111429171,
            -0.0
        ],
        [
            0.6454972211354121,
            -0.7008582397911018,
            -0.303530995490377,
            0.0
        ],
        [
            0.5773502691896258,
            0.18759247432786044,
            0.7946544722344534,
            -0.05668209914959938
        ],
        [
            0.0,
            0.0,
            0.0,
            1.0
        ]
    ],
    "H6": [
        [
            -0.8660254014490079,
            -0.3973272392860474,
            0.3035310016561948,
            -0.0
        ],
        [
            0.500000004045085,
            -0.6881909582510686,
            0.5257311108697971,
            -0.0
        ],
        [
            0.0,
            0.6070619984011549,
            0.7946544721432051,
            -0.05668209915730497
        ],
        [
            0.0,
            0.0,
            0.0,
            1.0
        ]
    ],
    "H7": [
        [
            -0.3090169952574656,
            0.9510565160084061,
            4.2874985028972355e-09,
            -1.0764678145171878e-19
        ],
        [
            0.17841104347156636,
            0.05796926666051839,
            -0.9822469463888541,
            1.7660767303913056e-18
        ],
        [
            -0.9341723589410225,
            -0.3035309992089676,
            -0.18759247402220433,
            -0.05668209915730497
        ],
        [
            0.0,
            0.0,
            0.0,
            1.0
        ]
    ],
    "H8": [
        [
            0.309016993590799,
            0.9510565165499387,
            -4.888380721805176e-09,
            0.0
        ],
        [
            -0.1784110463583176,
            0.0579692577760114,
            -0.9822469463888541,
            -0.0
        ],
        [
            -0.9341723589410225,
            0.3035309992089676,
            0.1875924740222043,
            -0.05668209915730497
        ],
        [
            0.0,
            0.0,
            0.0,
            1.0
        ]
    ],
    "H9": [
        [
            0.8090169949120923,
            0.5877852515531569,
            -4.964534180837963e-09,
            0.0
        ],
        [
            0.11026408576719127,
            -0.15176550271512454,
            -0.9822469463304789,
            -0.0
        ],
        [
            -0.5773502691896257,
            0.7946544722344535,
            -0.18759247432786033,
            -0.05668209914959938
        ],
        [
            0.0,
            0.0,
            0.0,
            1.0
        ]
    ],
    "H10": [
        [
            0.9341723589410225,
            0.18759246800893037,
            -0.3035310029253752,
            3.713925993008324e-18
        ],
        [
            -6.603690067988886e-09,
            -0.8506508098387562,
            -0.5257311097135763,
            8.157159006337394e-18
        ],
        [
            -0.35682208982988395,
            0.49112347293423764,
            -0.7946544724233593,
            -0.05668209915730496
        ],
        [
            0.0,
            0.0,
            0.0,
            1.0
        ]
    ],
    "H11": [
        [
            0.8090169949120922,
            -0.26286555160975983,
            -0.5257311135174564,
            0.0
        ],
        [
            -0.11026408576719134,
            -0.946419973031237,
            0.30353099683142387,
            -0.0
        ],
        [
            -0.5773502691896257,
            -0.18759247432786047,
            -0.7946544722344535,
            -0.05668209914959938
        ],
        [
            0.0,
            0.0,
            0.0,
            1.0
        ]
    ],
    "H12": [
        [
            0.5000000040450852,
            0.6881909582510684,
            -0.5257311108697971,
            0.0
        ],
        [
            0.8660254014490076,
            -0.3973272392860475,
            0.30353100165619484,
            0.0
        ],
        [
            -3.82022723594593e-17,
            -0.6070619984011549,
            -0.7946544721432051,
            -0.05668209915730497
        ],
        [
            0.0,
            0.0,
            0.0,
            1.0
        ]
    ],
    "H13": [
        [
            4.67086182384714e-09,
            -0.18759247372527002,
            0.9822469464455637,
            0.0
        ],
        [
            -1.0,
            -8.762185239644113e-10,
            4.587939763743009e-09,
            -0.0
        ],
        [
            -2.0312390770979555e-25,
            -0.9822469464455635,
            -0.18759247372527,
            -0.05668209915730497
        ],
        [
            0.0,
            0.0,
            0.0,
            1.0
        ]
    ],
    "H14": [
        [
            0.8090169936620922,
            0.5877852532736342,
            6.170629450444713e-09,
            -2.4070551507674564e-19
        ],
        [
            -0.1102640949385474,
            0.1517654960517443,
            0.9822469463304792,
            -1.7660767294539914e-18
        ],
        [
            0.5773502691896257,
            -0.7946544722344534,
            0.18759247432786036,
            -0.056682099149599374
        ],
        [
            0.0,
            0.0,
            0.0,
            1.0
        ]
    ],
    "H15": [
        [
            0.3090169935907991,
            -0.9510565165499388,
            4.888380386189876e-09,
            -0.0
        ],
        [
            0.1784110463583175,
            0.05796925777601173,
            -0.9822469463888541,
            -0.0
        ],
        [
            0.9341723589410225,
            0.30353099920896764,
            0.1875924740222043,
            -0.05668209915730497
        ],
        [
            0.0,
            0.0,
            0.0,
            1.0
        ]
    ],
    "H16": [
        [
            0.8090169910543153,
            0.2628655620650247,
            0.5257311142263319,
            0.0
        ],
        [
            0.4670861851894744,
            -0.8304814450746336,
            -0.30353099510905335,
            -0.0
        ],
        [
            0.35682208982988384,
            0.4911234729342375,
            -0.7946544724233594,
            -0.05668209915730497
        ],
        [
            0.0,
            0.0,
            0.0,
            1.0
        ]
    ],
    "H17": [
        [
            -0.809016993662092,
            0.5877852532736342,
            6.170629570521936e-09,
            8.576944561445696e-18
        ],
        [
            0.11026409493854755,
            0.15176549605174422,
            0.9822469463304792,
            0.0
        ],
        [
            0.5773502691896258,
            0.7946544722344533,
            -0.18759247432786044,
            -0.056682099149599374
        ],
        [
            0.0,
            0.0,
            0.0,
            1.0
        ]
    ],
    "H18": [
        [
            0.6454972211354122,
            0.7008582397911017,
            0.30353099549037715,
            3.534116624620849e-18
        ],
        [
            0.5000000041731274,
            -0.6881909555439315,
            0.5257311142917099,
            6.1198686190176034e-18
        ],
        [
            0.5773502691896258,
            -0.18759247432786044,
            -0.7946544722344533,
            -0.05668209914959939
        ],
        [
            0.0,
            0.0,
            0.0,
            1.0
        ]
    ],
    "H19": [
        [
            0.3090169952574656,
            0.9510565160084061,
            4.2874985028972355e-09,
            -1.0764678145171878e-19
        ],
        [
            0.17841104347156636,
            -0.05796926666051839,
            0.9822469463888541,
            -1.7660767303913056e-18
        ],
        [
            0.9341723589410225,
            -0.3035309992089676,
            -0.18759247402220433,
            -0.05668209915730497
        ],
        [
            0.0,
            0.0,
            0.0,
            1.0
        ]
    ]
}